function map = displayMap()

map(1,1,:)=[80 38];
map(1,2,:)=[110 38];
map(1,3,:)=[140 38];
map(2,1,:)=[80 30];
map(2,2,:)=[110 30];
map(2,3,:)=[140 30];
map(3,1,:)=[80 22];
map(3,2,:)=[110 22];
map(3,3,:)=[140 22];
map(4,1,:)=[80 14];
map(4,2,:)=[110 14];
map(4,3,:)=[140 14];
map(5,1,:)=[80 6];
map(5,2,:)=[110 6];
map(5,3,:)=[140 6];