function map = displayMap2()

map(1,1,:)=[80-50 38];
map(1,2,:)=[110-50 38];
map(1,3,:)=[140-50 38];
map(2,1,:)=[80-50 30];
map(2,2,:)=[110-50 30];
map(2,3,:)=[140-50 30];
map(3,1,:)=[80-50 22];
map(3,2,:)=[110-50 22];
map(3,3,:)=[140-50 22];
map(3,4,:)=[120 22];
map(3,5,:)=[150 22];
map(3,6,:)=[180 22];
map(4,1,:)=[80-50 14];
map(4,2,:)=[110-50 14];
map(4,3,:)=[140-50 14];
map(4,4,:)=[120 14];
map(4,5,:)=[150 14];
map(4,6,:)=[180 14];
map(5,1,:)=[80-50 6];
map(5,2,:)=[110-50 6];
map(5,3,:)=[140-50 6];
map(5,5,:)=[150 6];
map(5,6,:)=[180 6];